0.34673
0.29026
0.24657
0.20005
0.15314
0.1225
0.10257
0.088445
0.07785
0.06958
0.062932
0.057463
0.052882
0.048986
0.04563
0.042709
0.040142
0.037868
0.03584
0.034019
0.032375
0.030883
0.029524
0.028279
0.027136
0.026081
0.025106
0.024201
0.02336
0.022575
0.021841
0.021154
0.020508
0.019901
0.019329
0.018789
0.018278
0.017795
0.017336
0.0169
0.016486
0.016092
0.015716
0.015357
0.015015
0.014687
0.014373
0.014073
0.013784
0.013508
0.013242
0.012986
0.012741
0.012504
0.012276
0.012056
0.011844
0.011639
0.011441
0.01125
0.011065
0.010886
0.010713
0.010545
0.010383
0.010225
0.010072
0.0099235
0.0097794
0.0096394
0.0095033
0.0093711
0.0092424
0.0091173
0.0089955
0.0088769
0.0087614
0.0086489
0.0085392
0.0084323
0.008328
0.0082263
0.008127
0.0080301
0.0079355
0.0078431
0.0077528
0.0076646
0.0075783
0.007494
0.0074115
0.0073308
0.0072519
0.0071747
0.007099
0.007025
0.0069525
0.0068814
0.0068118
0.0067436
0.0066768
0.0066113
0.006547
0.006484
0.0064221
0.0063615
0.006302
0.0062436
0.0061862
0.0061299
0.0060746
0.0060203
0.005967
0.0059146
0.0058631
0.0058125
0.0057628
0.0057139
0.0056659
0.0056186
0.0055721
0.0055264
0.0054815
0.0054372
0.0053937
0.0053508
0.0053087
0.0052672
0.0052263
0.0051861
0.0051465
0.0051074
0.005069
0.0050311
0.0049939
0.0049571
0.0049209
0.0048852
0.00485
0.0048154
0.0047812
0.0047475
0.0047143
0.0046815
0.0046492
0.0046174
0.0045859
0.0045549
0.0045243
0.0044942
0.0044644
0.004435
0.004406
0.0043774
0.0043491
0.0043212
0.0042937
0.0042665
0.0042396
0.0042131
0.0041869
0.0041611
0.0041355
0.0041103
0.0040854
0.0040608
0.0040364
0.0040124
0.0039886
0.0039652
0.003942
0.003919
0.0038964
0.003874
0.0038518
0.0038299
0.0038083
0.0037869
0.0037657
0.0037448
0.0037241
0.0037036
0.0036834
0.0036634
0.0036435
0.003624
0.0036046
0.0035854
0.0035664
0.0035476
0.0035291
0.0035107
0.0034925
0.0034745
0.0034566
0.003439
0.0034215
0.0034042
0.0033871
0.0033702
0.0033534
0.0033368
0.0033204
0.0033041
0.003288
0.003272
0.0032562
0.0032405
0.003225
0.0032097
0.0031945
0.0031794
0.0031645
0.0031497
0.003135
0.0031205
0.0031061
0.0030919
0.0030777
0.0030637
0.0030499
0.0030361
0.0030225
0.003009
0.0029957
0.0029824
0.0029693
0.0029562
0.0029433
0.0029305
0.0029178
0.0029053
0.0028928
0.0028804
0.0028682
0.002856
0.002844
0.002832
0.0028202
0.0028084
0.0027967
0.0027852
0.0027737
0.0027624
0.0027511
0.0027399
0.0027288
0.0027178
0.0027069
0.0026961
0.0026853
0.0026747
0.0026641
0.0026536
0.0026432
0.0026329
0.0026226
0.0026125
0.0026024
0.0025924
0.0025824
0.0025726
0.0025628
0.0025531
0.0025434
0.0025339
0.0025244
0.002515
0.0025056
0.0024963
0.0024871
0.002478
0.0024689
0.0024599
0.002451
0.0024421
0.0024333
0.0024245
0.0024158
0.0024072
0.0023986
0.0023901
0.0023817
0.0023733
0.002365
0.0023567
0.0023485
0.0023403
0.0023322
0.0023242
0.0023162
0.0023083
0.0023004
0.0022926
0.0022848
0.0022771
0.0022694
0.0022618
0.0022542
0.0022467
0.0022393
0.0022318
0.0022245
0.0022172
0.0022099
0.0022027
0.0021955
0.0021884
0.0021813
0.0021742
0.0021673
0.0021603
0.0021534
0.0021466
0.0021397
0.002133
0.0021262
0.0021196
0.0021129
0.0021063
0.0020998
0.0020932
0.0020868
0.0020803
0.0020739
0.0020676
0.0020612
0.0020549
0.0020487
0.0020425
0.0020363
0.0020302
0.0020241
0.002018
0.002012
0.002006
0.0020001
0.0019942
0.0019883
0.0019824
0.0019766
0.0019708
0.0019651
0.0019594
0.0019537
0.0019481
0.0019424
0.0019369
0.0019313
0.0019258
0.0019203
0.0019149
0.0019094
0.001904
0.0018987
0.0018934
0.001888
0.0018828
0.0018775
0.0018723
0.0018671
0.001862
0.0018568
0.0018517
0.0018467
0.0018416
0.0018366
0.0018316
0.0018267
0.0018217
0.0018168
0.0018119
0.0018071
0.0018022
0.0017974
0.0017927
0.0017879
0.0017832
0.0017785
0.0017738
0.0017691
0.0017645
0.0017599
0.0017553
0.0017508
0.0017462
0.0017417
0.0017372
0.0017328
0.0017283
0.0017239
0.0017195
0.0017151
0.0017108
0.0017065
0.0017022
0.0016979
0.0016936
0.0016894
0.0016851
0.0016809
0.0016768
0.0016726
0.0016685
0.0016643
0.0016602
0.0016562
0.0016521
0.0016481
0.0016441
0.0016401
0.0016361
0.0016321
0.0016282
0.0016242
0.0016203
0.0016165
0.0016126
0.0016087
0.0016049
0.0016011
0.0015973
0.0015935
0.0015898
0.001586
0.0015823
0.0015786
0.0015749
0.0015713
0.0015676
0.001564
0.0015604
0.0015568
0.0015532
0.0015496
0.001546
0.0015425
0.001539
0.0015355
0.001532
0.0015285
0.0015251
0.0015216
0.0015182
0.0015148
0.0015114
0.001508
0.0015047
0.0015013
0.001498
0.0014946
0.0014913
0.0014881
0.0014848
0.0014815
0.0014783
0.001475
0.0014718
0.0014686
0.0014654
0.0014622
0.0014591
0.0014559
0.0014528
0.0014497
0.0014466
0.0014435
0.0014404
0.0014373
0.0014343
0.0014312
0.0014282
0.0014252
0.0014222
0.0014192
0.0014162
0.0014132
0.0014103
0.0014073
0.0014044
0.0014015
0.0013986
0.0013957
0.0013928
0.0013899
0.0013871
0.0013842
0.0013814
0.0013786
0.0013757
0.0013729
0.0013702
0.0013674
0.0013646
0.0013619
0.0013591
0.0013564
0.0013537
0.0013509
0.0013482
0.0013455
0.0013429
0.0013402
0.0013375
0.0013349
0.0013323
0.0013296
0.001327
0.0013244
0.0013218
0.0013192
0.0013167
0.0013141
0.0013115
0.001309
0.0013065
0.0013039
0.0013014
0.0012989
0.0012964
0.0012939
0.0012914
0.001289
0.0012865
0.0012841
0.0012816
0.0012792
0.0012768
0.0012744
0.001272
0.0012696
0.0012672
0.0012648
0.0012624
0.0012601
0.0012577
0.0012554
0.0012531
0.0012507
0.0012484
0.0012461
0.0012438
0.0012415
0.0012393
0.001237
0.0012347
0.0012325
0.0012302
0.001228
0.0012257
0.0012235
0.0012213
0.0012191
0.0012169
0.0012147
0.0012125
0.0012103
0.0012082
0.001206
0.0012039
0.0012017
0.0011996
0.0011975
0.0011953
0.0011932
0.0011911
0.001189
0.0011869
0.0011848
0.0011828
0.0011807
0.0011786
0.0011766
0.0011745
0.0011725
0.0011704
0.0011684
0.0011664
0.0011644
0.0011624
0.0011604
0.0011584
0.0011564
0.0011544
0.0011525
0.0011505
0.0011485
0.0011466
0.0011446
0.0011427
0.0011408
0.0011388
0.0011369
0.001135
0.0011331
0.0011312
0.0011293
0.0011274
0.0011255
0.0011237
0.0011218
0.0011199
0.0011181
0.0011162
0.0011144
0.0011125
0.0011107
0.0011089
0.0011071
0.0011053
0.0011034
0.0011016
0.0010998
0.0010981
0.0010963
0.0010945
0.0010927
0.001091
0.0010892
0.0010874
0.0010857
0.0010839
0.0010822
0.0010805
0.0010787
0.001077
0.0010753
0.0010736
0.0010719
0.0010702
0.0010685
0.0010668
0.0010651
0.0010634
0.0010618
0.0010601
0.0010584
0.0010568
0.0010551
0.0010535
0.0010518
0.0010502
0.0010486
0.0010469
0.0010453
0.0010437
0.0010421
0.0010405
0.0010389
0.0010373
0.0010357
0.0010341
0.0010325
0.0010309
0.0010294
0.0010278
0.0010262
0.0010247
0.0010231
0.0010216
0.00102
0.0010185
0.001017
0.0010154
0.0010139
0.0010124
0.0010109
0.0010094
0.0010079
0.0010063
0.0010048
0.0010034
0.0010019
0.0010004
0.0009989
0.00099742
0.00099595
0.00099448
0.00099302
0.00099156
0.00099011
0.00098865
0.00098721
0.00098577
0.00098433
0.00098289
0.00098147
0.00098004
0.00097862
0.0009772
0.00097579
0.00097438
0.00097297
0.00097157
0.00097018
0.00096878
0.0009674
0.00096601
0.00096463
0.00096325
0.00096188
0.00096051
0.00095915
0.00095779
0.00095643
0.00095507
0.00095372
0.00095238
0.00095104
0.0009497
0.00094836
0.00094703
0.00094571
0.00094438
0.00094306
0.00094175
0.00094043
0.00093913
0.00093782
0.00093652
0.00093522
0.00093393
0.00093264
0.00093135
0.00093007
0.00092879
0.00092751
0.00092624
0.00092497
0.0009237
0.00092244
0.00092118
0.00091993
0.00091867
0.00091742
0.00091618
0.00091494
0.0009137
0.00091246
0.00091123
0.00091
0.00090878
0.00090756
0.00090634
0.00090512
0.00090391
0.0009027
0.00090149
0.00090029
0.00089909
0.0008979
0.0008967
0.00089551
0.00089433
0.00089314
0.00089196
0.00089079
0.00088961
0.00088844
0.00088727
0.00088611
0.00088495
0.00088379
0.00088263
0.00088148
0.00088033
0.00087918
0.00087804
0.0008769
0.00087576
0.00087463
0.0008735
0.00087237
0.00087124
0.00087012
0.000869
0.00086788
0.00086677
0.00086565
0.00086455
0.00086344
0.00086234
0.00086124
0.00086014
0.00085904
0.00085795
0.00085686
0.00085578
0.00085469
0.00085361
0.00085253
0.00085146
0.00085039
0.00084932
0.00084825
0.00084718
0.00084612
0.00084506
0.00084401
0.00084295
0.0008419
0.00084085
0.00083981
0.00083876
0.00083772
0.00083668
0.00083565
0.00083462
0.00083359
0.00083256
0.00083153
0.00083051
0.00082949
0.00082847
0.00082745
0.00082644
0.00082543
0.00082442
0.00082342
0.00082241
0.00082141
0.00082042
0.00081942
0.00081843
0.00081744
0.00081645
0.00081546
0.00081448
0.0008135
0.00081252
0.00081154
0.00081057
0.00080959
0.00080862
0.00080766
0.00080669
0.00080573
0.00080477
0.00080381
0.00080285
0.0008019
0.00080095
0.0008
0.00079905
0.00079811
0.00079717
0.00079623
0.00079529
0.00079435
0.00079342
0.00079249
0.00079156
0.00079063
0.00078971
0.00078878
0.00078786
0.00078695
0.00078603
0.00078512
0.0007842
0.00078329
0.00078239
0.00078148
0.00078058
0.00077968
0.00077878
0.00077788
0.00077698
0.00077609
0.0007752
0.00077431
0.00077342
0.00077254
0.00077166
0.00077077
0.0007699
0.00076902
0.00076814
0.00076727
0.0007664
0.00076553
0.00076466
0.0007638
0.00076294
0.00076208
0.00076122
0.00076036
0.0007595
0.00075865
0.0007578
0.00075695
0.0007561
0.00075526
0.00075441
0.00075357
0.00075273
0.00075189
0.00075106
0.00075022
0.00074939
0.00074856
0.00074773
0.0007469
0.00074608
0.00074525
0.00074443
0.00074361
0.00074279
0.00074198
0.00074116
0.00074035
0.00073954
0.00073873
0.00073792
0.00073712
0.00073631
0.00073551
0.00073471
0.00073391
0.00073312
0.00073232
0.00073153
0.00073074
0.00072995
0.00072916
0.00072837
0.00072759
0.0007268
0.00072602
0.00072524
0.00072447
0.00072369
0.00072291
0.00072214
0.00072137
0.0007206
0.00071983
0.00071907
0.0007183
0.00071754
0.00071678
0.00071602
0.00071526
0.0007145
0.00071375
0.00071299
0.00071224
0.00071149
0.00071074
0.00070999
0.00070925
0.0007085
0.00070776
0.00070702
0.00070628
0.00070554
0.00070481
0.00070407
0.00070334
0.00070261
0.00070188
0.00070115
0.00070042
0.0006997
0.00069897
0.00069825
0.00069753
0.00069681
0.00069609
0.00069537
0.00069466
0.00069394
0.00069323
0.00069252
0.00069181
0.0006911
0.0006904
0.00068969
0.00068899
0.00068829
0.00068759
0.00068689
0.00068619
0.00068549
0.0006848
0.0006841
0.00068341
0.00068272
0.00068203
0.00068134
0.00068066
0.00067997
0.00067929
0.0006786
0.00067792
0.00067724
0.00067656
0.00067589
0.00067521
0.00067454
