  TABLE 3 ESTIMATES OF 13-MONTH SMOOTH SOLAR ACTIVITY FOR
               BALANCE OF CYCLE 24 CYCLE 25 AND BEGINNING OF CYCLE 26

    TIME         10.7 CM SOLAR FLUX   (F10.7)      GEOMAGNETIC INDEX   (Ap)
                         PERCENTILE                    PERCENTILE
                  95.0%       50%      5.0%     95.0%       50%      5.0% 

 2009.5837   AUG    72.2      71.5      70.8       3.9       3.5       3.4
 2009.6670   SEP    73.8      72.1      70.7       4.0       3.3       2.9
 2009.7503   OCT    76.1      72.8      70.7       4.2       3.2       2.7
 2009.8337   NOV    78.5      73.6      71.0       4.7       3.2       2.5
 2009.9170   DEC    80.7      74.6      71.7       4.7       2.9       1.9
 2010.0003   JAN    82.6      75.7      71.8       4.1       2.2       0.9
 2010.0837   FEB    85.3      77.0      71.7       4.5       2.0       0.3
 2010.1670   MAR    88.5      78.4      71.7       4.9       1.8       0.0
 2010.2503   APR    92.0      79.9      71.4       5.2       1.5       0.0
 2010.3337   MAY    96.4      81.6      71.4       6.4       1.9       0.0
 2010.4170   JUN   101.3      83.4      72.0       7.6       2.4       0.0
 2010.5003   JUL   106.0      85.4      72.0       7.9       2.6       0.0
 2010.5837   AUG   111.0      87.8      71.8       7.6       2.6       0.0
 2010.6670   SEP   115.2      90.1      72.4       6.5       1.9       0.0
 2010.7503   OCT   119.3      92.5      73.4       5.2       1.2       0.0
 2010.8337   NOV   124.7      94.9      74.3       4.3       0.8       0.0
 2010.9170   DEC   131.0      97.5      74.7       3.7       0.8       0.0
 2011.0003   JAN   137.2     100.0      74.8       3.7       1.0       0.0
 2011.0837   FEB   143.9     102.4      74.9       4.5       1.8       0.0
 2011.1670   MAR   151.4     105.0      74.8       5.3       2.6       0.1
 2011.2503   APR   158.9     107.7      75.7       5.2       2.9       0.1
 2011.3337   MAY   163.5     110.4      77.1       5.6       3.3       0.2
 2011.4170   JUN   166.1     112.9      78.6       6.4       3.7       0.0
 2011.5003   JUL   168.9     115.2      79.6       7.2       4.0       0.0
 2011.5837   AUG   171.8     117.2      79.3       7.5       4.4       0.0
 2011.6670   SEP   176.2     119.2      79.5       8.3       5.1       0.4
 2011.7503   OCT   182.3     121.5      81.1       9.7       6.0       1.2
 2011.8337   NOV   187.0     123.9      82.0      10.9       6.7       1.5
 2011.9170   DEC   190.2     126.3      82.4      11.7       7.2       1.7
 2012.0003   JAN   194.6     128.4      83.4      12.5       8.0       1.9
 2012.0837   FEB   199.3     130.3      86.3      13.6       8.6       2.2
 2012.1670   MAR   202.3     132.1      89.7      14.5       9.1       2.9
 2012.2503   APR   204.7     133.9      93.4      15.3       9.4       3.3
 2012.3337   MAY   207.0     135.4      97.6      16.1       9.4       3.2
 2012.4170   JUN   209.0     136.4      98.2      16.7       9.9       3.6
 2012.5003   JUL   211.5     137.6      97.1      16.9      10.8       4.9
 2012.5837   AUG   215.0     138.3      95.8      17.4      11.6       6.3
 2012.6670   SEP   216.8     138.7      95.0      17.3      11.9       7.1
 2012.7503   OCT   216.2     139.2      97.0      16.9      11.8       7.4
 2012.8337   NOV   215.8     139.6      98.4      17.2      12.0       7.9
 2012.9170   DEC   217.1     140.1      99.8      16.8      11.9       7.8
 2013.0003   JAN   217.5     139.5     100.1      15.3      11.0       6.7
 2013.0837   FEB   215.1     138.4      99.4      13.8      10.4       6.3
 2013.1670   MAR   212.0     137.9      98.8      11.9       8.9       5.1
 2013.2503   APR   209.0     138.0      97.5      10.4       7.4       3.6
 2013.3337   MAY   207.3     138.4      96.2      10.2       6.9       2.9
 2013.4170   JUN   207.1     138.8      94.7      10.6       6.4       2.1
 2013.5003   JUL   207.1     139.0      92.9      11.0       5.9       1.5
 2013.5837   AUG   206.6     138.9      89.8      11.2       5.8       1.5
 2013.6670   SEP   205.4     138.4      86.7      11.6       5.5       1.3
 2013.7503   OCT   205.0     137.9      83.2      11.8       5.4       1.0
 2013.8337   NOV   204.6     137.6      81.5      11.9       6.1       1.9
 2013.9170   DEC   204.5     137.6      80.3      12.3       6.5       2.4
 2014.0003   JAN   203.5     136.8      78.8      11.7       6.6       2.8
 2014.0837   FEB   200.4     135.6      77.6      11.5       6.9       3.4
 2014.1670   MAR   196.3     134.0      75.5      12.2       7.5       4.1
 2014.2503   APR   192.2     132.1      74.0      13.6       8.2       5.0
 2014.3337   MAY   188.8     130.3      71.1      14.0       8.6       5.6
 2014.4170   JUN   184.6     128.9      69.6      14.4       9.3       5.9
 2014.5003   JUL   181.5     127.6      69.2      14.5       9.7       6.3
 2014.5837   AUG   178.2     126.0      69.6      13.3       8.8       5.6
 2014.6670   SEP   174.4     124.5      70.8      13.0       8.2       5.0
 2014.7503   OCT   171.8     123.5      72.1      13.6       8.3       4.8
 2014.8337   NOV   169.3     122.7      73.2      13.0       7.8       4.2
 2014.9170   DEC   167.1     121.9      74.8      12.0       7.3       3.6
 2015.0003   JAN   164.2     120.5      76.5      11.5       7.0       2.9
 2015.0837   FEB   160.9     118.9      77.0      11.3       7.3       2.8
 2015.1670   MAR   158.7     117.9      77.6      12.3       8.2       3.8
 2015.2503   APR   156.8     117.2      78.3      13.3       8.7       4.4
 2015.3337   MAY   154.6     116.2      78.1      14.4       9.4       4.5
 2015.4170   JUN   151.3     114.9      77.2      15.1      10.1       4.6
 2015.5003   JUL   148.3     113.5      77.6      15.2      10.7       5.3
 2015.5837   AUG   144.1     112.2      79.4      15.3      11.4       6.5
 2015.6670   SEP   139.7     110.9      80.6      15.8      11.9       7.5
 2015.7503   OCT   136.7     109.2      79.8      17.0      12.3       8.9
 2015.8337   NOV   134.4     107.3      77.8      17.9      13.0       9.9
 2015.9170   DEC   132.6     105.6      76.8      18.9      14.0      10.0
 2016.0003   JAN   129.8     104.1      75.9      20.0      14.6      10.4
 2016.0837   FEB   126.5     102.6      75.4      19.9      14.6      10.4
 2016.1670   MAR   123.8     101.3      75.4      20.2      14.6      10.4
 2016.2503   APR   121.4     100.1      74.9      20.6      14.4      10.3
 2016.3337   MAY   120.1      98.9      74.8      20.7      13.9       9.7
 2016.4170   JUN   120.0      97.7      74.3      20.9      13.3       8.5
 2016.5003   JUL   120.2      96.5      73.9      20.9      12.5       7.0
 2016.5837   AUG   119.6      95.4      73.1      20.8      11.7       6.3
 2016.6670   SEP   119.3      94.4      72.3      20.9      11.3       5.9
 2016.7503   OCT   118.4      93.4      71.9      20.9      11.1       5.5
 2016.8337   NOV   116.2      92.5      71.8      20.3      10.6       5.1
 2016.9170   DEC   114.3      91.7      71.6      19.4      10.1       4.9
 2017.0003   JAN   113.6      90.7      71.1      18.4       9.9       5.0
 2017.0837   FEB   112.9      89.8      70.7      17.8      10.1       5.5
 2017.1670   MAR   111.7      89.1      70.5      17.9      10.9       6.1
 2017.2503   APR   109.4      88.3      70.6      17.9      11.3       6.5
 2017.3337   MAY   106.2      87.3      70.8      18.4      12.1       7.4
 2017.4170   JUN   103.2      86.3      70.9      18.8      13.0       8.7
 2017.5003   JUL   101.5      85.5      70.6      19.2      13.7       9.7
 2017.5837   AUG   100.6      84.8      70.6      19.1      14.0      10.4
 2017.6670   SEP    98.5      84.0      70.5      19.7      14.3      10.6
 2017.7503   OCT    96.9      82.9      70.3      20.2      14.6      10.8
 2017.8337   NOV    95.0      81.8      70.1      20.4      15.0      10.8
 2017.9170   DEC    94.0      81.1      70.0      20.6      15.8      11.2
 2018.0003   JAN    93.3      80.4      69.9      21.1      17.1      12.1
 2018.0837   FEB    92.4      79.7      69.9      21.7      18.4      13.0
 2018.1670   MAR    91.1      79.0      69.7      22.7      19.1      13.1
 2018.2503   APR    89.8      78.3      69.5      22.9      19.2      13.0
 2018.3337   MAY    88.5      77.7      69.3      22.5      18.9      12.9
 2018.4170   JUN    87.2      77.0      69.1      21.7      18.4      12.7
 2018.5003   JUL    86.0      76.4      68.9      21.8      18.6      13.3
 2018.5837   AUG    84.7      75.8      68.7      22.2      19.2      14.3
 2018.6670   SEP    83.5      75.1      68.5      22.6      19.5      14.7
 2018.7503   OCT    82.4      74.6      68.4      22.7      19.4      14.9
 2018.8337   NOV    81.3      74.0      68.2      22.2      19.0      14.7
 2018.9170   DEC    80.2      73.4      68.0      20.9      17.9      13.8
 2019.0003   JAN    79.2      72.9      67.9      19.7      16.7      12.9
 2019.0837   FEB    78.3      72.4      67.8      18.4      15.6      12.0
 2019.1670   MAR    77.4      72.0      67.6      17.2      14.5      11.2
 2019.2503   APR    76.6      71.6      67.5      16.1      13.5      10.4
 2019.3337   MAY    75.8      71.2      67.4      15.0      12.5       9.7
 2019.4170   JUN    75.2      70.9      67.3      14.1      11.7       9.0
 2019.5003   JUL    74.6      70.6      67.2      13.2      10.9       8.4
 2019.5837   AUG    74.1      70.3      67.1      12.5      10.2       7.9
 2019.6670   SEP    73.7      70.1      67.1      11.9       9.7       7.5
 2019.7503   OCT    73.5      70.0      67.0      11.4       9.3       7.2
 2019.8337   NOV    73.3      69.9      67.0      11.1       9.0       7.0
 2019.9170   DEC    73.2      69.9      67.0      11.1       9.0       6.9
 2020.0003   JAN    73.3      70.0      67.0      11.3       9.0       6.9
 2020.0837   FEB    74.0      70.3      67.1      11.6       9.2       7.1
 2020.1670   MAR    74.8      70.7      67.2      11.7       9.3       7.4
 2020.2503   APR    75.6      71.0      67.2      11.9       9.4       7.5
 2020.3337   MAY    76.7      71.5      67.4      12.0       9.5       7.5
 2020.4170   JUN    78.2      72.0      67.5      12.1       9.6       7.3
 2020.5003   JUL    79.6      72.6      67.6      12.2       9.7       7.2
 2020.5837   AUG    81.0      73.3      67.8      12.5       9.9       7.1
 2020.6670   SEP    83.3      74.1      67.9      12.8      10.1       7.0
 2020.7503   OCT    86.3      75.1      68.0      13.2      10.5       7.2
 2020.8337   NOV    91.0      76.3      68.3      13.7      10.8       7.6
 2020.9170   DEC    95.4      77.7      68.4      14.5      11.1       7.9
 2021.0003   JAN    98.8      79.2      68.4      15.7      11.4       7.7
 2021.0837   FEB   103.9      80.9      68.4      16.1      11.6       7.7
 2021.1670   MAR   109.8      82.9      68.4      16.3      11.8       7.6
 2021.2503   APR   115.6      85.1      68.3      16.8      12.0       7.6
 2021.3337   MAY   122.9      87.3      68.6      18.0      12.3       7.6
 2021.4170   JUN   131.3      89.9      68.7      18.9      12.6       7.7
 2021.5003   JUL   137.8      92.6      68.9      19.1      12.7       7.7
 2021.5837   AUG   142.5      95.4      69.2      19.2      12.9       7.8
 2021.6670   SEP   146.9      98.2      69.2      19.0      13.1       7.7
 2021.7503   OCT   151.3     101.0      69.5      18.6      13.1       7.7
 2021.8337   NOV   156.2     103.9      69.9      18.5      13.2       7.8
 2021.9170   DEC   161.5     107.0      70.6      18.9      13.4       8.0
 2022.0003   JAN   166.8     110.1      70.9      18.8      13.5       8.2
 2022.0837   FEB   171.3     113.2      71.3      17.8      13.5       8.6
 2022.1670   MAR   177.2     116.5      71.5      17.9      13.7       8.7
 2022.2503   APR   184.7     119.7      72.1      18.5      13.9       8.7
 2022.3337   MAY   189.7     122.9      72.9      19.1      14.2       9.0
 2022.4170   JUN   192.2     125.7      73.3      19.6      14.6       9.4
 2022.5003   JUL   194.8     128.2      74.1      20.3      14.9       9.6
 2022.5837   AUG   197.9     130.5      74.7      20.3      15.1       9.6
 2022.6670   SEP   202.4     132.6      75.1      20.3      15.1       9.8
 2022.7503   OCT   208.5     135.1      75.6      20.5      15.2      10.0
 2022.8337   NOV   212.6     137.7      75.9      20.8      15.4      10.5
 2022.9170   DEC   215.4     140.3      76.1      21.2      15.4      11.1
 2023.0003   JAN   219.9     142.4      76.1      21.3      15.3      11.6
 2023.0837   FEB   224.3     144.3      76.0      21.4      15.1      11.3
 2023.1670   MAR   226.4     146.0      76.1      21.6      15.0      11.2
 2023.2503   APR   227.3     147.7      76.6      22.0      15.0      10.7
 2023.3337   MAY   229.2     149.0      76.9      22.8      14.9      10.2
 2023.4170   JUN   231.4     149.9      77.6      22.5      14.7       9.9
 2023.5003   JUL   234.2     150.8      78.9      21.3      14.5      10.1
 2023.5837   AUG   237.3     151.2      79.7      20.6      14.3      10.1
 2023.6670   SEP   238.6     151.4      80.6      20.1      14.2      10.3
 2023.7503   OCT   236.8     151.7      82.2      19.6      14.1      10.6
 2023.8337   NOV   234.8     151.9      83.8      19.5      14.0      10.6
 2023.9170   DEC   235.8     152.0      85.6      19.3      14.0      10.5
 2024.0003   JAN   236.3     151.2      86.4      19.1      14.2      10.5
 2024.0837   FEB   234.1     149.7      87.8      18.9      14.6      10.5
 2024.1670   MAR   230.9     148.7      89.5      18.9      14.7      10.3
 2024.2503   APR   227.3     148.4      90.7      19.5      14.6       9.8
 2024.3337   MAY   225.6     148.5      93.0      20.4      14.7      10.2
 2024.4170   JUN   226.0     148.9      94.2      22.0      15.0      10.7
 2024.5003   JUL   226.2     149.0      95.5      23.4      15.3      10.7
 2024.5837   AUG   225.0     148.7      95.8      24.0      15.4      10.9
 2024.6670   SEP   223.5     148.1      95.4      25.1      15.7      11.1
 2024.7503   OCT   223.0     147.5      95.4      25.6      15.9      11.3
 2024.8337   NOV   223.0     147.3      96.9      24.9      15.9      11.5
 2024.9170   DEC   222.6     147.2      97.7      24.8      15.9      11.7
 2025.0003   JAN   221.7     146.4      97.2      23.9      15.8      11.9
 2025.0837   FEB   219.4     145.1      96.4      22.1      15.8      11.8
 2025.1670   MAR   216.2     143.5      96.3      22.4      15.9      12.0
 2025.2503   APR   213.5     141.8      96.8      23.1      16.0      11.8
 2025.3337   MAY   210.9     140.1      96.3      23.1      16.0      11.1
 2025.4170   JUN   207.5     138.8      95.5      22.6      16.0      10.8
 2025.5003   JUL   206.4     137.4      96.1      22.0      15.8      10.8
 2025.5837   AUG   204.4     135.6      97.1      21.9      15.8      10.8
 2025.6670   SEP   201.0     133.7      96.2      22.7      16.1      10.8
 2025.7503   OCT   197.5     132.2      94.5      23.7      16.5      10.8
 2025.8337   NOV   195.1     130.9      93.8      23.9      16.7      10.8
 2025.9170   DEC   193.0     129.5      93.6      23.9      17.0      10.7
 2026.0003   JAN   189.1     127.8      91.7      23.9      17.1      10.6
 2026.0837   FEB   184.5     125.9      88.3      23.5      17.2      10.3
 2026.1670   MAR   180.1     124.6      87.9      22.5      17.2      10.5
 2026.2503   APR   176.3     123.5      88.7      22.7      17.2      10.7
 2026.3337   MAY   174.0     122.3      87.3      23.0      17.4      11.4
 2026.4170   JUN   172.1     121.0      86.3      23.1      17.6      11.9
 2026.5003   JUL   167.8     119.3      85.7      22.5      17.8      12.0
 2026.5837   AUG   161.4     117.4      84.8      21.7      17.6      12.1
 2026.6670   SEP   155.5     115.6      83.6      21.2      17.4      12.3
 2026.7503   OCT   151.9     113.7      82.5      21.7      17.0      12.5
 2026.8337   NOV   149.6     111.7      82.1      21.7      16.9      13.3
 2026.9170   DEC   147.1     110.0      82.1      22.1      16.9      13.1
 2027.0003   JAN   144.1     108.6      82.0      22.6      17.0      12.8
 2027.0837   FEB   141.1     107.0      80.9      22.3      16.8      13.1
 2027.1670   MAR   137.5     105.5      80.5      22.4      16.5      12.7
 2027.2503   APR   133.8     104.0      80.6      22.7      16.2      12.5
 2027.3337   MAY   129.6     102.5      80.0      22.9      15.8      12.1
 2027.4170   JUN   123.6     100.9      79.1      23.5      15.6      11.2
 2027.5003   JUL   119.4      99.4      77.7      24.1      15.4      10.5
 2027.5837   AUG   118.6      98.2      75.6      24.8      15.3      10.7
 2027.6670   SEP   118.7      97.1      74.5      25.3      15.3      10.8
 2027.7503   OCT   119.2      96.1      74.0      25.6      15.3      10.6
 2027.8337   NOV   119.6      95.2      73.6      25.4      15.3      10.8
 2027.9170   DEC   118.8      94.2      73.4      24.9      15.2      11.0
 2028.0003   JAN   117.4      92.9      73.0      24.0      15.0      11.1
 2028.0837   FEB   115.8      91.7      72.7      23.0      14.9      11.3
 2028.1670   MAR   113.7      90.7      71.9      22.5      15.0      11.2
 2028.2503   APR   110.2      89.6      71.4      22.1      15.1      11.1
 2028.3337   MAY   105.8      88.4      71.0      21.8      15.2      11.2
 2028.4170   JUN   103.2      87.3      70.7      21.4      15.3      11.4
 2028.5003   JUL   101.6      86.5      70.4      20.7      15.2      11.5
 2028.5837   AUG   100.2      85.6      70.5      19.9      14.9      11.3
 2028.6670   SEP    98.1      84.7      70.3      20.0      14.7      11.1
 2028.7503   OCT    96.6      83.5      69.8      20.1      14.6      10.8
 2028.8337   NOV    94.6      82.4      69.6      19.9      14.3      10.1
 2028.9170   DEC    93.5      81.7      69.5      19.5      14.2       9.6
 2029.0003   JAN    93.2      81.0      69.4      19.0      14.1       9.1
 2029.0837   FEB    92.3      80.3      69.3      18.3      14.1       8.6
 2029.1670   MAR    91.3      79.6      69.1      17.3      14.0       8.0
 2029.2503   APR    90.5      78.9      68.8      17.4      13.8       7.5
 2029.3337   MAY    89.7      78.2      68.5      17.5      13.7       7.6
 2029.4170   JUN    88.7      77.5      68.3      17.6      13.7       7.8
 2029.5003   JUL    87.7      77.0      68.4      17.5      13.6       8.3
 2029.5837   AUG    86.9      76.5      68.4      17.7      13.5       8.6
 2029.6670   SEP    85.5      75.9      68.5      18.1      13.4       8.5
 2029.7503   OCT    84.1      75.4      68.4      17.9      13.2       8.6
 2029.8337   NOV    82.2      74.9      68.4      17.6      12.9       8.5
 2029.9170   DEC    79.9      74.2      68.3      17.3      12.6       8.5
 2030.0003   JAN    78.4      73.5      68.0      16.3      12.2       8.4
 2030.0837   FEB    77.5      72.8      67.8      14.8      11.8       8.4
 2030.1670   MAR    77.0      72.3      67.6      13.8      11.4       8.3
 2030.2503   APR    76.9      72.0      67.6      13.9      11.0       8.2
 2030.3337   MAY    76.6      71.6      67.5      13.6      10.6       8.2
 2030.4170   JUN    76.5      71.2      67.2      13.2      10.3       7.9
 2030.5003   JUL    76.1      70.9      67.1      12.9       9.9       7.4
 2030.5837   AUG    75.1      70.6      67.1      12.6       9.7       7.1
 2030.6670   SEP    74.2      70.3      67.0      11.9       9.5       7.3
 2030.7503   OCT    74.0      70.1      67.0      11.4       9.4       7.1
